-0.326752
-0.043982
-0.564480
-0.499971
-0.674481
-0.133493
0.046711
0.213376
-0.326674
-0.577831
-0.547319
-0.466859
-0.543375
-0.577039
0.096196
0.553699
0.391780
0.068520
-0.532031
-0.557905
0.064262
-0.636016
-0.324545
-0.402650
-0.493536
-0.370405
-0.314680
-0.061802
-0.259606
0.160613
0.016644
-0.071755
-0.121766
-0.788034
-0.037878
-0.126055
-0.084970
-0.470383
-0.276023
0.061079
-0.099441
-0.135073
0.074580
-0.049877
0.103109
0.246624
-0.215379
-0.047177
-0.206353
0.056659
0.110886
-0.690662
0.118493
-0.511400
-0.373300
-0.491744
-0.500864
-0.185198
0.088901
-0.110889
-0.340158
-0.017007
-0.784935
0.311697
-0.057987
-0.315666
-0.357685
-0.438501
-0.009770
-0.240962
0.105238
-0.259932
-0.438456
0.361500
0.052324
0.265947
-0.069335
-0.249820
-0.107424
-0.544541
-0.161328
-0.325619
-0.259145
-0.458725
-0.355517
-0.210453
-0.327848
-0.090687
-0.325329
0.043764
-0.378645
-0.068996
-0.472611
-0.698492
-0.225814
-0.442426
0.079562
-0.422952
-0.331437
-0.322185
-0.365588
-0.286293
0.075812
-0.031349
-0.649165
-0.103956
-0.017132
0.172974
-0.484953
-0.345317
0.373359
0.025936
-0.108790
-0.511119
0.377046
0.142426
-0.126322
-0.660271
-0.248358
-0.399009
-0.002187
-0.007934
-0.229346
-0.041099
0.217986
-0.412382
-0.230987
-0.170861
0.211333
0.277325
-0.020779
-0.244452
-0.533995
-0.148200
0.135012
-0.428686
-0.366491
-0.147600
-0.486113
0.108762
-0.001291
-0.537819
-0.265921
-0.271430
-0.358681
-0.575741
-0.776345
-0.431268
-0.662271
0.145554
-0.370199
-0.800444
-0.367704
0.206430
-0.533810
-0.780278
-0.592153
-0.845749
0.180016
-0.400851
-0.299962
0.052868
-0.356215
-0.065094
-0.587147
-0.268164
0.085506
-0.216646
-0.144699
-0.667403
-0.493638
-0.615130
-0.639857
-0.351520
-0.106113
-0.106966
-0.005481
0.248415
-0.072048
-0.617999
-0.377101
0.142476
-0.060240
-0.008077
-0.114998
-0.310485
-0.125104
-0.332199
0.148556
-0.770319
-0.071422
-0.575383
-0.025535
-0.003214
0.231186
-0.149540
-0.375360
0.012082
-0.355999
-0.402645
-0.122947
-0.345685
-0.207832
0.238353
0.021476
0.188253
-0.377358
-0.733474
0.072281
0.041661
-0.173376
-0.302250
-0.101366
-0.178929
-0.387987
-0.442294
0.198437
-0.471105
0.040518
0.261117
-0.446596
-0.387096
-0.619591
-0.073024
0.005502
0.067977
-0.092357
-0.312004
-0.185264
-0.210109
-0.259754
-0.619557
-0.060300
-0.030309
0.376527
-0.157476
-0.027004
-0.128894
-0.475933
-0.411117
-0.304093
-0.545090
-0.282191
-0.715767
-0.518806
-0.122806
-0.169113
-0.087856
0.244404
-0.161338
-0.476540
-0.934637
0.061560
-0.349350
0.243110
-0.800168
