-1.405310
-1.998995
-2.678248
-1.925339
-2.788043
-1.619409
-4.184218
-4.666718
-2.109862
-2.720917
-2.133098
-0.649119
-1.068165
-1.076819
-2.565509
-1.663794
-2.632117
-1.731295
-1.765525
-11.486475
-1.049862
-1.717958
-2.234610
-4.005940
-1.024557
-3.551870
-3.613156
-2.078445
-0.719987
0.024857
-1.510893
-1.928233
-4.018452
-2.037972
-3.707940
-1.385261
-2.134262
-1.819777
-2.820482
-1.837499
-1.276397
-1.617304
-0.040697
-1.855521
-1.842271
-2.637936
-2.371794
-3.289027
-7.105828
-4.035771
-3.159358
-1.828519
0.036130
-2.494599
-0.943566
-1.477203
-2.076632
-3.159619
-3.223702
-2.537201
-2.535709
-1.248636
-2.352126
-0.069117
-1.505653
-0.856525
-2.403710
-2.516112
-1.227058
-3.027541
-5.723932
-1.460132
-7.192774
-2.592407
-2.993152
-2.889163
-2.101202
-2.143213
-2.528302
-1.660296
-1.627231
-2.313638
-3.374280
-1.796554
-2.201818
-2.719382
-3.323113
-1.151676
-1.718898
-1.513478
-9.630474
-2.922427
-1.451676
-1.386947
-1.712528
-2.583681
-2.358213
-1.652302
-2.574526
-2.278982
-2.192562
-1.720253
-2.349914
-2.435605
-0.715411
-2.100153
-1.900546
-1.341589
-2.534132
-3.277443
-1.915339
-2.272746
-1.589360
-1.194092
-4.410603
-1.577306
-1.856273
-1.806316
-1.283592
-1.136478
-2.281740
-2.998515
-1.756840
-1.818205
-1.799888
-1.765365
-3.183320
-3.093903
-1.560034
-2.771275
-6.458324
-2.340675
-2.408573
-1.190395
-2.086371
-2.135327
-2.706853
-4.257830
-2.732759
-2.328715
-1.664225
-1.592074
-1.752754
-1.259544
-2.002490
-1.844690
-2.410349
-2.487753
-2.819282
-1.246559
-0.496198
-3.203190
-1.612577
-1.930556
-1.384331
-0.966955
-1.557689
-3.696792
-2.046354
-1.767798
-1.513386
-2.732213
-1.068380
-2.261962
-5.898848
-3.158667
-1.202912
0.910101
-0.506913
-1.742809
-2.676866
-2.177925
-1.093153
-1.249569
-2.953203
-3.392044
-0.700475
-1.717110
-2.855389
-1.910648
-3.153846
-3.818237
-0.617271
-6.558707
-1.366517
-2.379338
-2.142676
-1.550540
-2.842990
-2.816337
-1.526738
-3.530418
-1.600808
-1.514112
-0.402466
-2.513380
-4.231451
-2.097644
-2.638165
-1.847988
-1.757643
-2.494736
-1.171258
-5.252411
-2.113324
-4.448408
-2.356639
-0.379431
-3.266813
-2.451743
-8.978843
-2.226815
-2.444376
-2.780785
-1.917546
-1.622884
-2.058670
-1.617708
-1.144611
-1.424662
-2.325174
-3.196286
-2.979956
-1.436880
-3.244941
-2.546552
-3.786142
-1.388430
-1.363818
-1.814044
-3.366186
-2.762287
-1.426691
-1.256513
-0.976788
-1.330725
-2.300550
-2.575731
-1.738419
-2.249552
-0.710432
-1.826747
-1.576730
-2.494778
-1.411459
-2.292760
-3.074516
-2.565109
-1.368515
-2.696541
-1.786825
-3.181444
-3.336643
-1.161202
-1.288452
-1.403966
